X.                  Y
0.02447441942783435	0.2733777479994446
0.2824671630658768	0.44852913290267127
0.5019278661997646	0.5651808401704113
0.6439199524670371	0.6429591798035479
0.7860637396811754	0.6914402740730448
0.9152623794293513	0.739952972706472
1.0316170056761438	0.7689657787947359
1.160765078442032	0.8272442258827106
1.277069137706535	0.8660227804255216
1.4062677774547119	0.9145354790589488
1.5355169841851763	0.953282429237829
1.6647661909156417	0.9920293794167101
1.794015397646107	1.0307763295955907
1.923315171358861	1.0597575313199248
2.0784041060389624	1.1082070212254909
2.2077038797517154	1.137188222949825
2.3369530864821817	1.1759351731287055
2.5049871686282446	1.2243530586703408
2.6342869423409985	1.2533342603946753
2.763536149071464	1.292081210573556
2.9316713651821047	1.3209675992060985
3.1256463092423807	1.359556527565326
3.267891230421097	1.3885061249257298
3.4230812990657755	1.4174241179222022
3.5394864922948566	1.436671175555921
3.6688368329899	1.4558866288257084
3.8111323211509056	1.475070477731565
3.953377242329621	1.5040200750919688
4.082828716989242	1.503704031452663
4.212179057684287	1.5229194847224505
4.367419693311252	1.5420717292643764
